Episodes,S3,S1,B3,B2,B1,S2,episode_len
41,9.777439024390244,9.538109756097562,10.102134146341463,10.425304878048781,9.803353658536585,10.353658536585366,4.829268292682927
88,9.436789772727273,9.430397727272727,9.800426136363637,10.741477272727273,10.3203125,10.270596590909092,4.5227272727272725
135,9.339375,9.498125,10.001875,10.515625,10.39875,10.24625,4.35
177,10.125,9.614375,9.730625,10.28625,10.47125,9.7725,4.45
226,9.649375,9.456875,10.145,10.746875,10.633125,9.36875,4.39
274,9.163125,9.4325,10.840625,10.941875,10.5475,9.074375,4.15
318,9.198125,9.58125,11.0525,10.626875,10.3175,9.22375,4.2
363,9.24875,9.324375,10.839375,10.8525,10.300625,9.434375,4.48
409,9.363125,9.3875,10.5575,10.5325,10.30875,9.850625,4.42
452,9.331875,9.785,10.391875,10.096875,10.2825,10.111875,4.36
501,9.8625,9.325,10.32625,10.288125,10.330625,9.8675,4.32
545,10.403125,9.385625,9.8175,10.50875,9.793125,10.091875,4.24
580,9.76875,9.27875,10.476875,10.72375,10.285,9.466875,4.78
625,9.89375,10.045625,10.7925,9.86,10.0875,9.320625,4.82
667,9.908125,10.133125,10.45,10.06,10.1375,9.31125,4.62
713,9.803125,10.1425,9.948125,10.035,10.679375,9.391875,4.53
758,9.889375,10.2325,9.749375,9.9,10.250625,9.978125,4.4
805,10.164375,10.235,9.7325,9.38875,10.225625,10.25375,4.26
846,10.585625,10.505625,9.42625,9.16625,9.871875,10.444375,4.57
885,10.515,10.196875,10.014375,9.6575,9.89,9.72625,4.82
927,10.0225,10.12125,10.0575,10.38,9.896875,9.521875,4.82
975,9.5625,9.664375,10.42875,10.539375,10.19875,9.60625,4.57
1015,9.49375,9.543125,10.27875,10.21,10.91375,9.560625,4.42
1058,9.46125,9.581875,10.228125,10.646875,11.125,8.956875,4.59
1100,9.539375,9.985,10.015625,10.866875,10.161875,9.43125,4.84
1146,9.479375,9.828125,9.924375,10.376875,10.145625,10.245625,4.58
1186,9.198125,9.430625,10.71875,10.550625,10.145625,9.95625,4.65
1230,9.02125,9.5175,11.261875,10.709375,10.12375,9.36625,4.84
1273,9.48375,10.093125,9.798125,10.43375,10.04125,10.15,4.73
1314,9.71125,9.96875,10.245625,9.965,9.97625,10.133125,4.77
1355,9.356875,9.660625,10.3675,10.714375,9.83875,10.061875,4.81
1396,9.678125,9.775,10.18125,10.225,9.890625,10.25,4.78
1434,9.6075,10.33625,9.803125,10.50625,9.928125,9.81875,4.95
1472,9.875625,10.218125,9.7775,10.35875,10.168125,9.601875,5.07
1509,9.806875,10.156875,9.579375,10.815,10.24875,9.393125,5.35
1545,9.84375,9.5725,9.35375,11.01125,10.468125,9.750625,5.64
1596,9.694375,9.156875,9.709375,10.644375,10.63625,10.15875,4.8
1641,9.746875,8.971875,10.5475,10.61625,10.2075,9.91,4.14
1680,9.92125,9.2625,10.7275,10.461875,9.904375,9.7225,4.61
1714,9.683125,9.093125,11.094375,10.865,9.95625,9.308125,5.3
1753,9.4725,9.8375,10.4675,10.99875,9.61875,9.605,5.52
1791,9.255625,9.76625,10.641875,11.229375,9.650625,9.45625,5.2
1828,9.669375,9.641875,10.6375,10.63125,9.635,9.785,5.12
1868,9.584375,9.445,10.22375,10.543125,10.151875,10.051875,5.04
1905,9.225625,9.63625,10.256875,10.36,10.34875,10.1725,5.36
1939,9.533125,9.843125,10.41375,9.9125,10.45625,9.84125,5.46
1973,9.555,9.6575,10.650625,9.9975,10.761875,9.3775,5.67
2012,9.480625,9.809375,10.479375,10.4575,10.394375,9.37875,5.43
2044,9.825625,9.48625,10.42625,10.765,10.4675,9.029375,5.79
2078,10.146875,9.061875,10.58375,10.82875,10.146875,9.231875,5.56
2113,10.50875,9.2825,10.27875,10.393125,10.15,9.386875,5.98
2152,9.58125,9.379375,10.501875,10.943125,10.435,9.159375,5.52
2185,8.945,9.68,10.6525,10.88125,10.466875,9.374375,5.79
2211,8.793125,9.4125,10.690625,10.636875,11.080625,9.18625,6.1
2241,8.78875,9.54625,10.558125,10.708125,10.89375,9.305,6.57
2269,8.940625,9.329375,10.504375,10.438125,11.11625,9.47125,6.91
2299,8.97375,9.245625,10.678125,10.2425,11.26375,9.39625,7.08
2326,9.055625,9.368125,10.7875,10.436875,10.64875,9.703125,7.02
2361,9.380625,9.3475,10.763125,10.1925,10.65,9.66625,6.48
2393,9.33375,9.695,10.344375,10.2475,10.67375,9.705625,6.46
2420,9.295,9.610625,10.274375,10.454375,10.90625,9.459375,6.45
2449,8.97,9.54625,10.29125,10.355625,11.0375,9.799375,6.72
2471,9.049375,9.503125,10.3675,10.375625,10.913125,9.79125,7.43
2504,9.463125,9.334375,10.484375,10.6,10.351875,9.76625,7.15
2526,9.13,9.200625,10.556875,10.5575,10.54125,10.01375,7.51
2551,9.25625,9.0175,10.775,10.626875,10.539375,9.785,7.85
2580,8.63625,8.815,10.854375,10.89875,11.18625,9.609375,7.45
2605,8.550625,9.3125,10.4325,10.774375,11.260625,9.669375,7.89
2628,8.529375,9.22125,10.635625,10.876875,11.495625,9.24125,7.76
2659,9.578125,9.48125,10.418125,10.3325,10.835,9.355,7.4
2679,9.42,9.1575,10.585625,10.61375,10.8475,9.375625,7.98
2704,9.445,8.915,10.878125,10.585,11.041875,9.135,8.07
2730,9.4225,8.901875,10.91875,10.598125,11.001875,9.156875,7.78
2757,8.969375,8.998125,10.918125,11.149375,10.920625,9.044375,8.24
2781,9.155625,9.118125,10.95875,11.025,10.82125,8.92125,7.77
2803,9.11875,9.079375,10.908125,10.88875,10.673125,9.131875,8.12
2827,9.435625,9.0425,10.611875,10.9525,10.605625,9.151875,8.43
2848,9.246875,8.76625,10.52125,10.726875,11.275,9.26375,8.58
2874,9.0025,8.921875,10.27875,10.751875,10.78625,9.85875,8.58
2892,8.945,9.004375,10.366875,10.900625,10.539375,9.64375,9.32
2916,8.67,9.1,10.835,10.74625,10.605,9.64375,8.91
2936,8.58625,9.205625,10.918125,10.830625,10.32875,9.730625,9.49
2959,8.545,8.971875,11.370625,11.045625,10.271875,9.395,9.06
2983,8.578125,9.385,11.49375,10.689375,10.47375,8.98,9.2
3002,8.974375,9.02125,11.50375,10.373125,10.516875,9.210625,9.01
3022,8.746875,9.268125,11.33375,10.31,10.59125,9.15,9.41
3043,8.710625,9.286875,11.080625,10.29125,10.63,9.200625,9.25
3056,8.713125,9.345625,10.83375,10.261875,10.564375,9.28125,10.33
3075,8.61625,9.18625,10.889375,10.429375,10.526875,9.151875,10.32
3095,8.676875,9.178125,10.71375,10.355,10.5425,9.33375,10.73
3114,8.79875,9.036875,10.803125,10.488125,10.365625,9.3075,10.79
3136,9.1875,8.935625,10.896875,10.2625,10.220625,9.496875,10.61
3153,9.2725,8.58875,11.175,10.300625,10.8625,9.200625,10.17
3175,9.436875,8.39875,11.214375,10.33625,11.06875,9.145,9.95
3194,9.394375,8.575,11.24,10.55625,10.82375,9.010625,10.12
3209,9.643125,8.858125,11.058125,10.4275,10.691875,9.12125,10.27
3227,9.261875,8.860625,10.963125,10.755,10.69,9.269375,10.79
3246,9.2,9.26125,10.896875,10.4925,10.356875,9.3925,11.1
3269,9.238125,9.303125,10.83375,10.325,10.41,9.49,10.59
3285,9.413125,9.296875,10.474375,10.335,10.38875,9.691875,10.87
3301,9.128125,9.14875,10.413125,10.30625,10.619375,9.784375,10.71
3319,8.911875,9.134375,10.616875,10.41625,10.525625,9.595,10.91
3340,9.0175,9.011875,10.5775,10.188125,10.49125,9.91375,10.77
3358,9.278125,9.0825,10.5525,10.2925,10.299375,9.895,10.74
3378,9.245,9.42375,10.438125,10.291875,10.04625,10.155,10.83
3394,9.32375,9.540625,10.53125,10.06,9.905,10.039375,11.02
3413,9.503125,9.725625,10.490625,10.223125,9.781875,10.075625,10.94
3435,9.296875,9.47625,10.615625,10.3625,9.825,10.02375,10.6
3451,9.4225,9.62,10.5275,10.201875,9.76875,10.059375,10.99
3470,9.395625,9.379375,10.3675,10.218125,10.12875,10.110625,10.71
3484,9.411875,9.215,10.449375,10.35875,10.00125,9.96375,11.13
3501,9.5275,9.42375,10.421875,10.206875,9.728125,9.891875,10.97
3519,9.53375,9.605625,10.4025,10.05,9.406875,9.80125,11.36
3534,9.531875,9.654375,10.1125,9.84625,9.315625,9.939375,12.14
3552,9.466875,9.69375,10.22875,10.03125,9.209375,9.77,11.87
3567,9.5325,9.925625,10.345,10.033125,8.939375,9.624375,12.24
3581,9.720625,10.054375,10.161875,9.899375,8.963125,10.000625,12.12
3599,9.63375,10.0725,10.09125,9.93,9.026875,10.045625,12.34
3617,9.78,9.746875,10.06625,10.308125,9.174375,10.124375,12.26
3634,9.911875,9.864375,9.97125,10.426875,9.21375,10.211875,11.93
3647,9.8075,9.753125,9.94625,9.975625,9.21625,10.30125,12.35
3668,9.826875,9.55375,10.046875,9.835,9.398125,10.339375,11.77
3681,9.683125,9.664375,9.8925,9.76125,9.291875,10.306875,12.07
3698,9.699375,9.404375,9.955,9.575,9.50875,10.4575,12.03
3714,9.719375,9.218125,10.20875,9.45625,9.8025,10.195,12.42
3730,9.6775,9.14125,10.270625,9.329375,9.720625,10.260625,12.43
3745,9.7575,9.22125,10.125,9.763125,9.595625,10.3375,12.22
3758,9.5725,9.295,10.163125,9.93125,9.53375,10.104375,12.88
3775,9.841875,9.17375,10.20125,9.996875,9.43,10.15625,12.77
3788,9.705625,9.30125,10.30375,9.989375,9.595,10.105,13.14
3806,9.783125,9.515625,10.341875,9.893125,9.328125,10.138125,12.95
3820,10.023125,9.508125,10.20125,9.91125,9.215,10.34125,13.14
3839,10.1175,9.515625,10.468125,9.64625,9.106875,10.545625,12.9
3857,10.110625,9.459375,10.40875,9.5225,9.16875,10.93,12.09
3873,9.991875,9.379375,10.3725,9.476875,9.145,11.034375,12.17
3891,9.945625,9.1775,10.3975,9.54,9.14875,11.190625,11.57
3905,9.615625,9.210625,10.398125,9.528125,8.863125,11.184375,12.26
3924,9.478125,9.27375,10.4025,9.49375,9.13375,11.018125,11.34
3938,9.684375,9.26875,10.360625,9.695,9.118125,10.873125,12.17
3952,9.243125,9.155625,10.438125,9.716875,9.2275,10.81875,12.35
3970,9.336875,9.25125,10.27125,9.66875,9.318125,10.75375,12.18
3987,9.385625,9.3875,10.43875,9.44125,9.0975,10.649375,12.66
3999,9.504375,9.26875,10.305,9.011875,9.435,10.675,12.89
4015,9.3,9.506875,10.173125,9.076875,9.4175,10.725625,13.24
4035,9.37625,9.538125,10.2425,9.040625,9.39875,10.80375,12.34
4050,9.685625,9.71375,10.235,8.9225,9.485625,10.5575,12.59
4066,9.924375,9.780625,10.185625,8.78125,9.398125,10.53,12.38
4081,9.9675,9.9675,10.16375,8.593125,9.256875,10.65125,12.82
4092,10.013125,9.930625,10.2025,8.955,9.246875,10.651875,12.96
4107,9.846875,9.88875,10.326875,8.809375,9.41125,10.516875,13.11
4125,10.040625,9.825,10.21625,9.035625,9.301875,10.580625,13.04
4142,9.798125,9.990625,10.1675,8.958125,9.125,10.760625,13.0
4159,9.551875,9.86,10.175625,9.125,9.063125,10.824375,12.91
4174,9.4125,9.751875,10.105,9.07625,9.083125,10.77125,13.09
4190,9.469375,9.581875,10.09625,9.110625,8.965,10.776875,12.27
4210,9.776875,9.605625,10.11125,9.0075,8.756875,10.941875,11.79
4226,9.57125,9.588125,9.99375,8.78375,8.915625,10.9475,11.86
4241,9.75875,9.435625,9.91125,8.836875,9.171875,10.885625,12.13
4259,9.730625,9.46625,10.01375,8.844375,9.2825,10.8625,11.96
4276,10.013125,9.67875,9.930625,8.78,9.355625,10.841875,11.86
4296,10.0075,9.825,9.834375,8.9425,9.38625,10.804375,11.52
4313,9.80125,9.91875,9.824375,8.9175,9.3675,10.770625,11.52
4331,9.94875,9.891875,10.121875,8.93625,9.48875,10.6125,11.1
4351,9.895625,9.9225,10.129375,8.97375,9.345,10.73375,11.02
4368,10.1275,9.84375,10.28625,8.960625,9.28375,10.698125,11.03
4390,10.169375,9.946875,10.329375,8.8625,9.211875,10.88,11.0
4410,10.23875,9.673125,10.50375,9.146875,9.175,10.8625,10.56
4431,10.365625,9.656875,10.550625,9.076875,9.100625,11.049375,10.07
4447,10.580625,9.75375,10.31125,9.086875,9.1175,10.95,10.61
4465,10.355,9.743125,10.21125,8.890625,9.095625,11.104375,10.26
4489,10.42,9.8325,10.04875,8.941875,9.109375,11.0475,10.03
4512,10.393125,9.94,9.905625,9.064375,9.079375,11.0175,9.73
4530,10.273125,10.004375,9.87,9.124375,9.1,11.028125,9.89
4552,10.2,10.00875,10.0325,9.0825,8.9625,11.11375,9.35
4573,10.304375,9.998125,10.171875,9.00125,9.124375,11.0,9.37
4594,10.241875,9.965625,9.991875,9.069375,9.00625,11.125,9.58
4618,10.593125,10.00625,10.053125,8.901875,8.895,10.950625,9.48
4641,10.543125,10.085,9.995,8.966875,9.018125,10.791875,8.99
4665,10.69375,10.089375,10.04625,8.950625,8.82125,10.79875,8.58
4690,10.548125,9.98125,10.145625,8.89125,8.995,10.83875,8.22
4717,10.2875,10.06125,10.075,9.11125,9.046875,10.818125,8.28
4735,10.1625,10.165625,9.901875,9.033125,8.885625,10.85125,8.6
4761,10.4625,10.035625,9.88,9.056875,8.95,10.815,8.23
4787,10.53375,10.060625,10.00125,9.215625,8.933125,10.655625,8.06
4808,10.27,10.05625,9.800625,8.940625,8.879375,10.853125,8.78
4834,10.2125,10.06875,9.82125,8.89375,9.045625,10.958125,8.32
4855,10.139375,10.014375,9.81875,8.918125,9.105625,11.00375,8.31
4882,10.189375,10.090625,9.725,8.80125,9.145625,11.048125,8.6
4908,10.34125,9.95625,10.143125,9.113125,9.266875,10.779375,7.9
4932,10.56125,10.09375,10.085,9.149375,9.10125,10.809375,8.01
4959,10.45125,10.165625,9.934375,9.2625,9.069375,10.716875,7.43
4996,10.3725,10.02,9.991875,9.356875,9.205625,10.653125,6.77
5028,10.288125,10.0,9.9325,9.36625,9.276875,10.73625,6.19
5058,10.254375,10.00375,10.19,9.470625,9.43125,10.65,6.11
5082,9.91,10.055,10.196875,9.46875,9.470625,10.69875,6.65
5109,10.1775,10.173125,10.13625,9.220625,9.26875,10.82375,7.04
5149,10.296875,10.31375,10.1075,8.960625,9.289375,10.831875,6.53
5176,10.528125,10.16875,10.001875,8.89,9.2775,10.73375,6.22
5201,10.36875,10.24,9.681875,8.888125,9.260625,10.760625,6.62
5230,10.203125,10.0925,9.8375,8.873125,9.35625,10.8375,6.83
5262,10.3275,10.13,9.979375,9.088125,9.219375,10.655625,7.11
5290,10.3375,10.055625,10.151875,9.15,9.159375,10.745625,7.22
5318,10.65125,10.1325,10.185,9.254375,9.146875,10.63,6.78
5353,10.669375,10.23,10.11,9.175625,9.1975,10.6175,6.68
5380,10.475,10.32625,10.034375,9.21875,9.165,10.780625,6.75
5421,10.375,10.461875,10.039375,9.188125,9.059375,10.87625,5.87
5449,10.28,10.3925,9.89375,9.29375,9.155625,10.984375,6.27
5481,10.42125,10.375625,9.878125,9.10375,9.0525,11.16875,5.88
5505,10.111875,10.283125,9.888125,9.156875,9.149375,11.210625,6.63
5537,10.198125,10.224375,9.906875,9.02375,9.11625,11.130625,7.0
5562,10.22875,10.261875,9.998125,8.915,9.21625,10.98,7.35
5594,10.234375,10.2475,9.724375,8.989375,9.295,10.909375,6.88
5626,10.3175,10.29375,9.75375,9.025,9.315625,10.894375,6.62
5663,9.995,10.245,9.949375,9.15375,9.189375,11.0675,5.98
5701,10.1075,10.3225,10.1125,9.12125,9.20125,10.935,5.56
5733,10.135,10.315625,10.374375,9.105,9.1475,10.9225,5.66
5774,10.34875,10.230625,10.316875,9.099375,9.21625,10.788125,5.38
5806,10.0875,10.103125,10.03625,9.203125,9.403125,10.766875,5.57
5847,9.936875,10.055,9.90875,9.206875,9.34125,10.95125,5.31
5888,9.820625,10.22375,9.879375,9.12625,9.290625,11.059375,5.15
5924,9.995,10.29,10.23625,9.001875,9.248125,11.02875,4.91
5975,9.92625,10.20875,10.223125,9.44625,9.3125,10.883125,4.6
6023,10.15,10.228125,10.078125,9.413125,9.264375,10.86625,4.08
6064,10.15,10.226875,10.195,9.159375,9.306875,10.961875,4.43
6113,9.874375,10.215625,10.290625,9.255625,9.36875,10.995,4.37
6153,9.778125,10.285,10.27125,9.285625,9.415,10.965,4.46
6197,9.843125,10.276875,10.3625,9.21125,9.533125,10.773125,4.74
6246,10.0525,10.23625,10.185625,9.2775,9.47375,10.774375,4.42
6291,9.995,10.293125,10.150625,9.285625,9.375,10.900625,4.06
6345,9.904375,10.15,10.259375,9.155625,9.44625,11.084375,4.05
6397,10.015,10.044375,10.3175,9.185,9.38875,11.049375,3.7
6451,10.054375,10.064375,10.196875,9.38875,9.395,10.900625,3.86
6492,9.974375,10.20125,10.115625,9.3325,9.463125,10.913125,4.14
6548,9.925,10.32125,10.195625,9.31125,9.391875,10.855,4.04
6594,9.92875,10.2825,10.258125,9.3,9.389375,10.84125,3.94
6646,9.9225,10.175625,10.40625,9.28375,9.394375,10.8175,4.11
6694,9.923125,10.1875,10.36375,9.41875,9.363125,10.74375,3.99
6744,9.941875,10.258125,10.23375,9.37125,9.420625,10.774375,4.07
6804,9.9775,10.17875,10.17875,9.4,9.395,10.87,3.67
6852,10.026875,10.289375,10.08625,9.36875,9.373125,10.855625,3.74
6913,10.165,10.339375,10.0475,9.291875,9.146875,11.009375,3.69
6972,10.009375,10.22,10.166875,9.466875,9.258125,10.87875,3.19
7028,9.996875,10.218125,10.1,9.464375,9.35375,10.866875,3.53
7075,10.174375,10.314375,10.1125,9.34125,9.213125,10.844375,3.88
7117,10.09125,10.381875,10.075,9.336875,9.300625,10.814375,4.44
7177,9.93625,10.47125,9.95375,9.395,9.3225,10.92125,3.95
7233,10.0575,10.45375,9.905,9.23,9.33375,11.02,3.41
7277,10.236875,10.316875,9.948125,9.236875,9.329375,10.931875,4.0
7326,10.02625,10.26125,10.053125,9.3825,9.34625,10.930625,4.24
7369,10.088125,10.275,10.135625,9.31,9.283125,10.908125,4.18
7412,10.28,10.2625,10.08125,9.2925,9.29,10.79375,4.4
7456,10.163125,10.308125,10.02875,9.506875,9.239375,10.75375,4.56
7501,9.944375,10.334375,10.08875,9.473125,9.373125,10.78625,4.4
7549,9.995,10.285625,10.075,9.344375,9.56625,10.73375,4.34
7598,9.986875,10.4025,9.88875,9.35875,9.371875,10.79125,4.1
7643,10.055625,10.42875,9.865625,9.390625,9.28875,10.770625,4.5
7679,10.048125,10.529375,10.038125,9.37375,9.206875,10.80375,4.8
7726,10.1375,10.459375,9.94,9.235,9.26125,10.966875,4.77
7768,10.06375,10.33,9.920625,9.404375,9.3675,10.91375,4.64
7814,9.960625,10.366875,10.043125,9.443125,9.36875,10.8175,4.27
7874,9.851875,10.4075,10.079375,9.536875,9.4275,10.696875,3.71
7915,9.868125,10.40875,9.898125,9.576875,9.30125,10.746875,3.94
7963,9.95625,10.3225,9.8825,9.518125,9.295625,10.825,4.29
8020,10.16875,10.39,9.9875,9.4,9.29125,10.7625,3.74
8068,10.183125,10.419375,9.8975,9.469375,9.2125,10.818125,3.82
8114,10.054375,10.315625,10.043125,9.473125,9.22375,10.89,4.22
8162,10.0425,10.29625,10.105,9.426875,9.271875,10.8575,4.36
8216,10.2225,10.321875,10.035,9.434375,9.265,10.72125,3.93
8268,10.16875,10.3925,9.859375,9.621875,9.3075,10.65,3.8
8317,10.01125,10.42,9.874375,9.7,9.338125,10.65625,3.95
8363,10.099375,10.38375,9.951875,9.548125,9.2725,10.744375,4.34
8414,10.2575,10.275625,9.915625,9.499375,9.28125,10.770625,4.08
8473,10.061875,10.305625,9.931875,9.533125,9.394375,10.773125,3.61
8534,10.10375,10.399375,9.88875,9.504375,9.345,10.75875,3.4
8588,10.205,10.433125,9.989375,9.49375,9.181875,10.696875,3.6
8639,10.134375,10.429375,9.964375,9.605625,9.135625,10.730625,3.74
8699,10.104375,10.31,9.92125,9.579375,9.35,10.735,3.53
8747,10.155,10.35625,9.938125,9.529375,9.265625,10.755625,3.49
8801,10.236875,10.386875,10.01,9.464375,9.115625,10.78625,3.94
8860,10.34375,10.475,9.933125,9.385,9.113125,10.75,3.62
8912,10.3975,10.44,9.963125,9.400625,9.1775,10.62125,3.64
8966,10.24125,10.414375,10.059375,9.376875,9.199375,10.70875,3.87
9022,10.30375,10.451875,9.880625,9.40375,9.136875,10.823125,3.69
9085,10.424375,10.36375,9.90125,9.32875,9.116875,10.865,3.34
9150,10.2075,10.38375,9.986875,9.451875,9.2575,10.7125,3.28
9200,10.08875,10.520625,9.95875,9.40875,9.2775,10.745625,3.54
9250,10.128125,10.52625,9.915625,9.39,9.269375,10.770625,4.02
9306,10.23125,10.451875,9.92875,9.29125,9.27875,10.818125,3.59
9363,10.291875,10.46,9.855625,9.294375,9.199375,10.89875,3.58
9427,10.459375,10.499375,9.85,9.263125,9.14875,10.779375,3.4
9488,10.308125,10.529375,9.82875,9.33125,9.210625,10.791875,3.28
9562,10.410625,10.50875,9.835625,9.3175,9.153125,10.774375,2.88
9621,10.463125,10.561875,9.848125,9.183125,9.18375,10.76,3.08
9692,10.44125,10.485,9.73125,9.31,9.239375,10.793125,3.09
9762,10.391875,10.530625,9.853125,9.286875,9.149375,10.788125,2.84
9830,10.39125,10.449375,9.858125,9.33375,9.156875,10.810625,2.96
9906,10.405,10.465,9.823125,9.38125,9.2525,10.673125,2.58
9984,10.383125,10.45875,9.8275,9.4225,9.145625,10.7625,2.56
10056,10.44375,10.429375,9.785625,9.415625,9.211875,10.71375,2.7
10140,10.44125,10.398125,9.76875,9.450625,9.19375,10.7475,2.38
10228,10.608125,10.325,9.744375,9.34375,9.2225,10.75625,2.28
10299,10.530625,10.449375,9.859375,9.198125,9.13875,10.82375,2.64
10381,10.483125,10.515,9.84125,9.236875,9.12125,10.8025,2.47
10459,10.485625,10.41375,9.8425,9.318125,9.18125,10.75875,2.56
10539,10.541875,10.530625,9.780625,9.11125,9.231875,10.80375,2.49
10629,10.465,10.468125,9.788125,9.3775,9.174375,10.726875,2.27
10719,10.36125,10.50125,9.778125,9.45625,9.190625,10.7125,2.21
10805,10.393125,10.528125,9.851875,9.42,9.193125,10.61375,2.29
10885,10.51,10.536875,9.773125,9.3225,9.15,10.7075,2.51
10976,10.579375,10.445625,9.814375,9.30625,9.086875,10.7675,2.3
11072,10.531875,10.57625,9.80125,9.210625,9.170625,10.709375,2.08
11166,10.411875,10.58,9.79375,9.234375,9.124375,10.855625,2.1
11265,10.496875,10.55625,9.75,9.326875,9.110625,10.759375,2.04
11364,10.599375,10.473125,9.83,9.258125,9.069375,10.77,2.01
11460,10.533125,10.615,9.73875,9.33125,9.075,10.706875,2.06
11562,10.602941176470589,10.536151960784315,9.759803921568627,9.136029411764707,9.218137254901961,10.746936274509803,1.9607843137254901
11667,10.5375,10.59047619047619,9.76845238095238,9.160119047619048,9.093452380952382,10.85,1.9142857142857144
11768,10.509282178217822,10.630569306930694,9.775990099009901,9.290222772277227,9.021658415841584,10.772277227722773,1.9801980198019802
11869,10.642945544554456,10.654702970297029,9.748143564356436,9.151608910891088,9.069306930693068,10.73329207920792,1.9603960396039604
11978,10.523509174311927,10.552178899082568,9.770068807339449,9.26605504587156,9.124426605504587,10.763761467889909,1.8440366972477065
12083,10.533928571428572,10.639880952380953,9.797619047619047,9.175595238095237,9.030357142857143,10.822619047619048,1.9142857142857144
12184,10.553836633663366,10.491955445544555,9.740099009900991,9.349009900990099,9.126856435643564,10.738242574257425,1.9702970297029703
12292,10.555555555555555,10.640046296296296,9.721643518518519,9.262152777777779,9.063078703703704,10.757523148148149,1.8611111111111112
12399,10.470794392523365,10.69626168224299,9.801401869158878,9.213785046728972,9.067757009345794,10.75,1.8691588785046729
12512,10.526548672566372,10.580199115044248,9.79037610619469,9.238384955752212,9.07245575221239,10.79203539823009,1.7699115044247788
12625,10.515486725663717,10.591261061946902,9.774336283185841,9.196902654867257,9.126106194690266,10.795907079646017,1.761061946902655
12738,10.476769911504425,10.755530973451327,9.676438053097344,9.183075221238939,9.115597345132743,10.792588495575222,1.7787610619469028
12853,10.447282608695652,10.679347826086957,9.754347826086956,9.27554347826087,9.038586956521739,10.804891304347827,1.7304347826086957
12969,10.536099137931034,10.535021551724139,9.757004310344827,9.350215517241379,9.136314655172415,10.685344827586206,1.7327586206896552
13084,10.377173913043478,10.545652173913043,9.791847826086956,9.330434782608696,9.192391304347826,10.7625,1.7304347826086957
13199,10.494565217391305,10.604891304347825,9.76086956521739,9.264130434782608,9.075,10.80054347826087,1.7391304347826086
13314,10.535326086956522,10.705434782608696,9.747282608695652,9.17663043478261,9.091847826086957,10.743478260869566,1.7478260869565216
13433,10.421743697478991,10.639180672268907,9.746848739495798,9.323529411764707,9.096638655462185,10.772058823529411,1.6722689075630253
13546,10.500553097345133,10.59070796460177,9.755530973451327,9.294247787610619,9.148230088495575,10.710730088495575,1.7699115044247788
13659,10.503318584070797,10.63495575221239,9.739491150442477,9.355641592920353,9.054203539823009,10.712389380530974,1.7699115044247788
13777,10.477224576271187,10.68802966101695,9.735699152542374,9.228813559322035,9.08156779661017,10.788665254237289,1.694915254237288
13897,10.547916666666667,10.715104166666666,9.753125,9.184375,9.014583333333333,10.784895833333334,1.675
14016,10.492647058823529,10.737394957983193,9.7515756302521,9.151785714285714,9.090861344537815,10.775735294117647,1.6722689075630253
14134,10.475635593220339,10.61864406779661,9.777542372881356,9.264300847457626,9.13718220338983,10.726694915254237,1.694915254237288
14256,10.51844262295082,10.613729508196721,9.768954918032787,9.26639344262295,9.077868852459016,10.754610655737705,1.6475409836065573
14376,10.513020833333334,10.686458333333333,9.7546875,9.2515625,9.061458333333333,10.7328125,1.6583333333333334
14496,10.4625,10.7140625,9.757291666666667,9.219791666666667,9.101041666666667,10.7453125,1.675
14618,10.488217213114755,10.681352459016393,9.763831967213115,9.246926229508198,9.042008196721312,10.77766393442623,1.6311475409836065
14744,10.483134920634921,10.787698412698413,9.716269841269842,9.205357142857142,9.045634920634921,10.761904761904763,1.5873015873015872
14866,10.487704918032787,10.695696721311476,9.764344262295081,9.249487704918034,9.028688524590164,10.774077868852459,1.639344262295082
14997,10.50381679389313,10.708969465648854,9.739980916030534,9.23807251908397,9.054866412213741,10.754293893129772,1.534351145038168
15126,10.460271317829458,10.752422480620154,9.779069767441861,9.162306201550388,9.07703488372093,10.768895348837209,1.550387596899225
15250,10.438004032258064,10.769153225806452,9.727822580645162,9.158266129032258,9.092237903225806,10.814516129032258,1.6129032258064515
15386,10.443014705882353,10.705882352941176,9.727941176470589,9.261488970588236,9.051470588235293,10.810202205882353,1.4705882352941178
15505,10.465336134453782,10.6859243697479,9.758403361344538,9.229516806722689,9.090861344537815,10.769957983193278,1.6722689075630253
15632,10.474409448818898,10.749015748031496,9.737204724409448,9.204724409448819,9.050688976377952,10.783956692913385,1.5748031496062993
15764,10.437026515151516,10.736742424242424,9.751420454545455,9.198390151515152,9.102746212121213,10.773674242424242,1.5227272727272727
15893,10.44186046511628,10.809108527131784,9.728682170542635,9.174903100775193,9.071220930232558,10.77422480620155,1.550387596899225
16022,10.425872093023257,10.708333333333334,9.748546511627907,9.236918604651162,9.081395348837209,10.798934108527131,1.5426356589147288
16156,10.442164179104477,10.818097014925373,9.72294776119403,9.15625,9.030783582089553,10.829757462686567,1.5
16280,10.471270161290322,10.694556451612904,9.736895161290322,9.229334677419354,9.118951612903226,10.74899193548387,1.6048387096774193
16411,10.42509541984733,10.827290076335878,9.749045801526718,9.165076335877863,9.04293893129771,10.790553435114504,1.5267175572519085
16541,10.497596153846153,10.772115384615384,9.752403846153847,9.14375,9.076442307692307,10.757692307692308,1.5461538461538462
16675,10.422574626865671,10.80830223880597,9.751399253731343,9.175373134328359,9.045242537313433,10.797108208955224,1.492537313432836
16807,10.425662878787879,10.766571969696969,9.741950757575758,9.209753787878787,9.029829545454545,10.82623106060606,1.5151515151515151
16942,10.451851851851853,10.802314814814816,9.716666666666667,9.153703703703703,9.079629629629629,10.795833333333333,1.4814814814814814
17074,10.40435606060606,10.823390151515152,9.743844696969697,9.196969696969697,9.064867424242424,10.766571969696969,1.5075757575757576
17211,10.454379562043796,10.808850364963504,9.708029197080291,9.155109489051094,9.075729927007298,10.797901459854014,1.467153284671533
17347,10.465992647058824,10.7734375,9.738970588235293,9.209558823529411,9.066636029411764,10.745404411764707,1.4705882352941178
17476,10.45687984496124,10.7984496124031,9.743701550387597,9.198158914728682,9.05281007751938,10.75,1.550387596899225
17616,10.391964285714286,10.84375,9.695089285714285,9.21919642857143,9.069642857142858,10.780357142857143,1.4285714285714286
17750,10.426305970149254,10.76259328358209,9.734141791044776,9.222014925373134,9.072294776119403,10.782649253731343,1.4850746268656716
17883,10.457706766917294,10.795582706766917,9.75,9.158834586466165,9.071898496240602,10.765977443609023,1.5112781954887218
18018,10.501388888888888,10.771296296296295,9.732870370370371,9.204166666666667,9.046296296296296,10.743981481481482,1.4814814814814814
18158,10.449107142857143,10.7875,9.743303571428571,9.182142857142857,9.059375,10.778571428571428,1.4285714285714286
18293,10.424537037037037,10.884722222222223,9.724537037037036,9.201851851851853,9.025925925925925,10.738425925925926,1.474074074074074
18426,10.43186090225564,10.857142857142858,9.75,9.147086466165414,9.031484962406015,10.782424812030076,1.5037593984962405
18559,10.481672932330827,10.81813909774436,9.754229323308271,9.154605263157896,9.06062030075188,10.730733082706767,1.5037593984962405
18697,10.409420289855072,10.80751811594203,9.75,9.220561594202898,9.044384057971014,10.768115942028986,1.4420289855072463
18844,10.400085034013605,10.839285714285714,9.744472789115646,9.14498299319728,9.078656462585034,10.79251700680272,1.3741496598639455
18973,10.494186046511627,10.859011627906977,9.738372093023257,9.125968992248062,9.05813953488372,10.724321705426357,1.550387596899225
19115,10.422975352112676,10.923415492957746,9.745158450704226,9.126320422535212,8.990757042253522,10.79137323943662,1.408450704225352
19250,10.401851851851852,10.85138888888889,9.738888888888889,9.170833333333333,9.052314814814816,10.784722222222221,1.4814814814814814
19394,10.41623263888889,10.84157986111111,9.74435763888889,9.157552083333334,9.06640625,10.773871527777779,1.3888888888888888
19539,10.388793103448275,10.829310344827586,9.74051724137931,9.17801724137931,9.06853448275862,10.794827586206896,1.3793103448275863
19681,10.431338028169014,10.861795774647888,9.737676056338028,9.110475352112676,9.056778169014084,10.80193661971831,1.408450704225352
19819,10.481884057971014,10.830615942028986,9.74501811594203,9.151721014492754,9.05751811594203,10.733242753623188,1.4492753623188406
19962,10.420017482517483,10.80812937062937,9.753933566433567,9.163024475524475,9.066433566433567,10.788461538461538,1.3986013986013985
20107,10.407327586206897,10.864655172413793,9.721551724137932,9.191379310344828,9.048275862068966,10.766810344827586,1.3793103448275863
20242,10.463425925925925,10.870833333333334,9.75,9.124074074074073,9.06712962962963,10.724537037037036,1.474074074074074
20383,10.41445035460993,10.890070921985815,9.75,9.118794326241135,9.05008865248227,10.77659574468085,1.425531914893617
20522,10.431654676258994,10.839928057553957,9.740107913669064,9.155575539568344,9.058453237410072,10.774280575539569,1.4388489208633093
20666,10.41015625,10.858506944444445,9.756944444444445,9.131944444444445,9.024305555555555,10.81814236111111,1.3888888888888888
20806,10.450446428571428,10.888392857142858,9.740178571428572,9.100892857142858,9.054464285714285,10.765625,1.4214285714285715
20949,10.446241258741258,10.855332167832168,9.740384615384615,9.118881118881118,9.031468531468532,10.807692307692308,1.3986013986013985
21094,10.44353448275862,10.891379310344828,9.726293103448276,9.131465517241379,8.988362068965516,10.818965517241379,1.3862068965517242
21245,10.411837748344372,10.883278145695364,9.74544701986755,9.137003311258278,9.052566225165563,10.769867549668874,1.3245033112582782
21384,10.41906474820144,10.85656474820144,9.735161870503598,9.14568345323741,9.033723021582734,10.809802158273381,1.4388489208633093
21527,10.423951048951048,10.883304195804195,9.729895104895105,9.111013986013987,9.053758741258742,10.798076923076923,1.3916083916083917
21670,10.398164335664335,10.906468531468532,9.75,9.089160839160838,9.054195804195805,10.80201048951049,1.4055944055944056
21809,10.434802158273381,10.880845323741006,9.745053956834532,9.117356115107913,9.0625,10.759442446043165,1.4388489208633093
21960,10.394867549668874,10.885347682119205,9.744619205298013,9.134519867549669,9.0533940397351,10.78725165562914,1.3245033112582782
22113,10.371323529411764,10.879901960784315,9.745506535947712,9.163398692810457,9.052696078431373,10.78717320261438,1.3071895424836601
22256,10.43444055944056,10.899475524475525,9.745192307692308,9.093968531468532,9.049825174825175,10.777097902097902,1.3916083916083917
22410,10.416396103896103,10.84862012987013,9.735795454545455,9.155438311688311,9.077922077922079,10.765827922077921,1.2987012987012987
22561,10.399834437086092,10.841887417218542,9.735513245033113,9.139072847682119,9.081953642384105,10.801738410596027,1.3245033112582782
22710,10.375,10.886744966442953,9.75,9.12961409395973,9.059563758389261,10.799077181208053,1.348993288590604
22872,10.376543209876543,10.872299382716049,9.736496913580247,9.124228395061728,9.05054012345679,10.839891975308642,1.2345679012345678
23017,10.401293103448277,10.903448275862068,9.745258620689656,9.111206896551725,9.05301724137931,10.785775862068965,1.3793103448275863
23168,10.42384105960265,10.862582781456954,9.740066225165563,9.125827814569536,9.063327814569536,10.784354304635762,1.3178807947019868
23324,10.386217948717949,10.858573717948717,9.757211538461538,9.131009615384615,9.052884615384615,10.814102564102564,1.2884615384615385
23478,10.388392857142858,10.89853896103896,9.745535714285714,9.092532467532468,9.066964285714286,10.808035714285714,1.2987012987012987
23633,10.390725806451613,10.885887096774194,9.75766129032258,9.08991935483871,9.058870967741935,10.816935483870967,1.2903225806451613
23790,10.375,10.913216560509554,9.745621019108281,9.109872611464969,9.04578025477707,10.810509554140127,1.2738853503184713
23944,10.372159090909092,10.918019480519481,9.732142857142858,9.098214285714286,9.050730519480519,10.828733766233766,1.2987012987012987
24099,10.381854838709678,10.914516129032258,9.727822580645162,9.116935483870968,9.053629032258064,10.80524193548387,1.2903225806451613
24261,10.310570987654321,10.903163580246913,9.745756172839506,9.138117283950617,9.051311728395062,10.85108024691358,1.2345679012345678
24422,10.366847826086957,10.913819875776397,9.745729813664596,9.105201863354038,9.046195652173912,10.8222049689441,1.2422360248447204
24580,10.36748417721519,10.92998417721519,9.706487341772151,9.075158227848101,9.066060126582279,10.854825949367088,1.259493670886076
24739,10.373427672955975,10.9249213836478,9.737028301886792,9.098663522012579,9.053852201257861,10.812106918238994,1.2641509433962264
24897,10.353243670886076,10.912974683544304,9.75,9.121439873417721,9.049446202531646,10.812895569620252,1.259493670886076
25062,10.3375,10.876515151515152,9.745833333333334,9.110984848484849,9.070833333333333,10.858333333333333,1.2181818181818183
25217,10.378629032258065,10.937096774193549,9.749193548387098,9.076209677419355,9.036693548387097,10.822177419354839,1.2903225806451613
25374,10.37858280254777,10.89609872611465,9.73248407643312,9.115445859872612,9.049363057324841,10.828025477707007,1.2738853503184713
25527,10.357843137254902,10.9109477124183,9.753676470588236,9.089869281045752,9.053513071895425,10.834150326797385,1.3071895424836601
25684,10.38375796178344,10.924761146496815,9.75,9.077229299363058,9.04578025477707,10.818471337579618,1.2738853503184713
25853,10.353180473372781,10.901997041420119,9.733727810650887,9.089866863905325,9.065828402366863,10.855399408284024,1.183431952662722
26019,10.326807228915662,10.911897590361447,9.74585843373494,9.102409638554217,9.0625,10.850527108433734,1.1987951807228916
26178,10.368317610062894,10.880896226415095,9.75,9.11124213836478,9.081761006289309,10.807783018867925,1.2641509433962264
26335,10.366640127388536,10.926353503184714,9.73248407643312,9.073646496815286,9.055334394904458,10.845541401273886,1.2738853503184713
26492,10.364649681528663,10.923964968152866,9.745621019108281,9.083996815286625,9.049363057324841,10.832404458598726,1.2738853503184713
26655,10.35276073619632,10.919478527607362,9.736579754601227,9.07553680981595,9.058282208588958,10.857361963190185,1.2208588957055215
26821,10.304593373493976,10.970256024096386,9.72289156626506,9.089231927710843,9.045933734939759,10.867093373493976,1.2048192771084338
26989,10.327380952380953,10.917410714285714,9.753348214285714,9.087797619047619,9.058407738095237,10.855654761904763,1.1964285714285714
27162,10.307803468208093,10.929190751445086,9.75,9.078034682080926,9.072976878612717,10.861994219653178,1.1560693641618498
27326,10.364710365853659,10.905106707317072,9.75,9.094131097560975,9.066692073170731,10.819359756097562,1.2195121951219512
27484,10.371835443037975,10.907041139240507,9.736946202531646,9.106408227848101,9.0625,10.815268987341772,1.2658227848101267
27648,10.329649390243903,10.926829268292684,9.75,9.085746951219512,9.054115853658537,10.853658536585366,1.2134146341463414
27812,10.35861280487805,10.894054878048781,9.741615853658537,9.122332317073171,9.066692073170731,10.816692073170731,1.225609756097561
27978,10.345256024096386,10.937123493975903,9.733433734939759,9.071159638554217,9.0625,10.850527108433734,1.2048192771084338
28145,10.3312125748503,10.914670658682635,9.741766467065869,9.111152694610778,9.050149700598803,10.851047904191617,1.1916167664670658
28313,10.344122023809524,10.915922619047619,9.75,9.079985119047619,9.054315476190476,10.855654761904763,1.1964285714285714
28475,10.356095679012345,10.912037037037036,9.741512345679013,9.08449074074074,9.057484567901234,10.84837962962963,1.2345679012345678
28638,10.369248466257668,10.914493865030675,9.745782208588958,9.094325153374234,9.069401840490798,10.806748466257668,1.2269938650306749
28811,10.333453757225433,10.90643063583815,9.742052023121387,9.103323699421965,9.06828034682081,10.846459537572255,1.1560693641618498
28981,10.326470588235294,10.936764705882354,9.729779411764707,9.101470588235294,9.065073529411764,10.840441176470588,1.1764705882352942
29152,10.31469298245614,10.91703216374269,9.737938596491228,9.110745614035087,9.066520467836257,10.853070175438596,1.1695906432748537
29317,10.345833333333333,10.93030303030303,9.7375,9.061363636363636,9.0625,10.8625,1.2121212121212122
29487,10.31875,10.94044117647059,9.745955882352941,9.063602941176471,9.0625,10.86875,1.1764705882352942
29658,10.35453216374269,10.933845029239766,9.73391812865497,9.057383040935672,9.05921052631579,10.86111111111111,1.1695906432748537
29833,10.324285714285715,10.9375,9.738214285714285,9.086428571428572,9.063214285714286,10.850357142857144,1.1428571428571428
30001,10.344122023809524,10.914806547619047,9.75,9.077008928571429,9.066592261904763,10.847470238095237,1.1904761904761905
30168,10.342065868263473,10.912050898203592,9.745883233532934,9.098802395209582,9.058383233532934,10.842814371257486,1.1976047904191616
30345,10.316031073446327,10.92867231638418,9.749293785310735,9.064265536723164,9.067090395480227,10.874646892655367,1.1299435028248588
30518,10.322254335260116,10.952312138728324,9.746026011560694,9.058887283236995,9.0625,10.858020231213873,1.1560693641618498
30689,10.324561403508772,10.905336257309942,9.737938596491228,9.100511695906432,9.0625,10.869152046783626,1.1695906432748537
30851,10.349151234567902,10.90625,9.745756172839506,9.100694444444445,9.059027777777779,10.83912037037037,1.2345679012345678
31022,10.323099415204679,10.921783625730994,9.741959064327485,9.085526315789474,9.0625,10.865131578947368,1.1695906432748537
31193,10.317616959064328,10.9203216374269,9.75,9.071637426900585,9.067251461988304,10.873172514619883,1.1695906432748537
31360,10.366766467065869,10.90194610778443,9.745883233532934,9.113023952095809,9.033682634730539,10.838697604790418,1.1916167664670658
31532,10.341933139534884,10.928415697674419,9.75,9.075581395348838,9.066497093023257,10.837572674418604,1.1686046511627908
31712,10.299652777777778,10.930208333333333,9.74236111111111,9.082291666666666,9.0625,10.88298611111111,1.1111111111111112
31877,10.3625,10.912121212121212,9.745833333333334,9.075378787878789,9.0625,10.841666666666667,1.2121212121212122
32042,10.343181818181819,10.927272727272728,9.7375,9.079545454545455,9.058333333333334,10.854166666666666,1.206060606060606
32215,10.329118497109826,10.915462427745664,9.746026011560694,9.116690751445086,9.0625,10.830202312138729,1.1560693641618498
32388,10.321531791907514,10.932442196531792,9.738078034682081,9.067557803468208,9.0625,10.877890173410405,1.1618497109826589
32559,10.333698830409357,10.901315789473685,9.75,9.087353801169591,9.0625,10.865131578947368,1.1695906432748537
32737,10.29002808988764,10.935744382022472,9.746137640449438,9.07759831460674,9.063202247191011,10.887289325842696,1.1235955056179776
32914,10.308262711864407,10.901129943502825,9.75,9.10593220338983,9.06638418079096,10.868290960451978,1.1299435028248588
33081,10.321482035928144,10.924026946107784,9.75,9.080089820359282,9.073353293413174,10.851047904191617,1.1976047904191616
33255,10.305316091954023,10.904454022988507,9.75,9.108117816091953,9.06573275862069,10.866379310344827,1.1494252873563218
33432,10.268008474576272,10.913841807909604,9.74611581920904,9.106991525423728,9.0625,10.902542372881356,1.1299435028248588
33600,10.344122023809524,10.901785714285714,9.75,9.081845238095237,9.0625,10.859747023809524,1.1904761904761905
33778,10.304424157303371,10.907654494382022,9.746137640449438,9.103581460674157,9.066362359550562,10.87183988764045,1.1235955056179776
33963,10.294594594594594,10.924324324324324,9.735135135135135,9.093581081081082,9.069932432432433,10.882432432432433,1.0810810810810811
34141,10.307935393258427,10.899227528089888,9.75,9.081460674157304,9.066362359550562,10.89501404494382,1.1235955056179776
34313,10.305959302325581,10.92296511627907,9.75,9.069040697674419,9.066497093023257,10.885537790697674,1.1627906976744187
34491,10.288623595505618,10.919943820224718,9.75,9.080056179775282,9.058637640449438,10.902738764044944,1.1235955056179776
34658,10.344685628742514,10.915793413173652,9.75,9.084206586826348,9.0625,10.842814371257486,1.1976047904191616
34840,10.278502747252746,10.932005494505495,9.75,9.084134615384615,9.0625,10.892857142857142,1.098901098901099
35014,10.333692528735632,10.910201149425287,9.75,9.08117816091954,9.0625,10.86242816091954,1.1494252873563218
35193,10.286662011173185,10.911662011173185,9.74231843575419,9.093924581005586,9.07018156424581,10.895251396648044,1.1173184357541899
35365,10.345203488372093,10.914607558139535,9.742005813953488,9.085392441860465,9.059229651162791,10.853561046511627,1.1627906976744187
35544,10.322974860335195,10.921787709497206,9.746159217877095,9.078212290502794,9.05481843575419,10.876047486033519,1.1173184357541899
35721,10.301906779661017,10.906426553672317,9.74611581920904,9.099929378531073,9.054025423728813,10.89159604519774,1.1299435028248588
35899,10.30688202247191,10.919943820224718,9.742275280898877,9.099719101123595,9.0625,10.8686797752809,1.1235955056179776
36076,10.309675141242938,10.93114406779661,9.73834745762712,9.07132768361582,9.059322033898304,10.89018361581921,1.1299435028248588
36249,10.316473988439306,10.933164739884393,9.75,9.102239884393063,9.050578034682081,10.847543352601155,1.1560693641618498
36432,10.291325136612022,10.91051912568306,9.746243169398907,9.096994535519126,9.0625,10.892418032786885,1.092896174863388
36601,10.324704142011834,10.938979289940828,9.745931952662723,9.071745562130177,9.054363905325443,10.864275147928995,1.183431952662722
36781,10.281944444444445,10.919444444444444,9.746180555555556,9.086805555555555,9.05486111111111,10.910763888888889,1.1111111111111112
36962,10.295580110497237,10.925759668508288,9.75,9.089779005524862,9.0625,10.876381215469614,1.1049723756906078
37143,10.293853591160222,10.92817679558011,9.742403314917127,9.081146408839778,9.058701657458563,10.8957182320442,1.1049723756906078
37319,10.302201704545455,10.921519886363637,9.7421875,9.088068181818182,9.06640625,10.879616477272727,1.1363636363636365
37498,10.289804469273744,10.941689944134078,9.725558659217876,9.08449720670391,9.0625,10.89594972067039,1.1173184357541899
37672,10.321120689655173,10.914152298850574,9.741379310344827,9.078663793103448,9.063218390804598,10.881465517241379,1.1494252873563218
37846,10.306752873563218,10.925287356321839,9.75,9.08117816091954,9.0625,10.874281609195402,1.1494252873563218
38018,10.325218023255815,10.91642441860465,9.746002906976743,9.079578488372093,9.063226744186046,10.86954941860465,1.1627906976744187
38197,10.292248603351956,10.924231843575418,9.746159217877095,9.085893854748603,9.074022346368714,10.877444134078212,1.1173184357541899
38368,10.319809941520468,10.934941520467836,9.745979532163743,9.086257309941521,9.05921052631579,10.853801169590643,1.1695906432748537
38540,10.310683139534884,10.919694767441861,9.746002906976743,9.079578488372093,9.0625,10.881540697674419,1.1627906976744187
38718,10.300210674157304,10.935744382022472,9.738412921348315,9.071980337078651,9.0625,10.89115168539326,1.1235955056179776
38897,10.29050279329609,10.925628491620111,9.75,9.087639664804469,9.0625,10.88372905027933,1.1173184357541899
39077,10.292708333333334,10.916319444444444,9.738541666666666,9.090625,9.058680555555556,10.903125,1.1111111111111112
39251,10.314655172413794,10.919181034482758,9.738146551724139,9.068965517241379,9.065014367816092,10.894037356321839,1.1494252873563218
